    5.6825    1.0000
    6.2079    1.2736
    5.7460    1.5690
    6.7041    1.8385
    6.0827    2.0011
    5.7479    2.1852
    5.9437    2.3047
    5.6097    2.7396
    5.8824    3.1314
    5.3026    3.0888
    4.8599    3.3305
    5.1397    3.7296
    5.3468    3.9988
    4.3893    3.5220
    4.4611    4.1667
    4.5534    4.3221
    3.7040    4.3475
    4.0072    4.8406
    3.7868    4.5060
    3.4580    4.4279
    3.0962    4.9250
    2.9424    5.0660
    2.7011    4.8536
    2.4848    5.2918
    2.2030    4.3889
    1.9388    4.5696
    1.6317    3.7624
    1.4336    5.1657
    1.2474    4.5272
    0.9808    4.7578
    0.5794    5.1615
    0.4245    4.7082
    0.0658    4.4261
   -0.0138    4.1702
   -0.7667    4.2502
   -0.0189    4.3750
   -0.5105    3.5646
   -0.7823    3.8313
   -1.0077    3.8757
   -1.6021    3.1213
   -1.3670    3.4201
   -1.3925    3.1951
   -1.5797    2.6712
   -1.9398    2.3624
   -1.4996    2.4273
   -2.0110    2.2180
   -1.2911    1.9323
   -1.9186    1.6802
   -1.6069    1.3353
   -1.7370    1.1343
   -2.1109    0.8804
   -1.5339    0.6411
   -1.5591    0.4663
   -1.3103    0.0218
   -0.9827   -0.1467
   -1.7018   -0.5054
   -2.0905   -0.8460
   -1.4907   -0.6245
   -1.3516   -1.1868
   -0.9498   -1.2653
   -1.6420   -1.6987
   -0.9067   -1.9625
   -1.1690   -2.0847
   -0.7143   -1.7758
   -0.3587   -2.1428
   -0.4554   -2.4182
   -0.1965   -3.5582
    0.2435   -3.0236
    0.2543   -3.5456
    0.4587   -2.9367
    0.9411   -2.9370
    1.2017   -3.1553
    1.4077   -2.7503
    1.6718   -3.4825
    1.9314   -2.9365
    2.1855   -2.4467
    2.4751   -3.3215
    2.7674   -2.3213
    2.9598   -2.1703
    3.2059   -2.9298
    3.2485   -2.3813
    3.4668   -2.3072
    3.6130   -2.4687
    3.8465   -2.2327
    4.2842   -2.1857
    4.1149   -2.1891
    5.3236   -1.5950
    5.1090   -1.4224
    4.4306   -1.0313
    4.8492   -1.2791
    5.3289   -1.3062
    4.8967   -0.8082
    5.4456   -0.8054
    6.1186   -0.5670
    5.7380   -0.3718
    5.8458   -0.1040
    5.5343    0.2951
    5.7473    0.5370
    5.4524    0.7451
    6.1457    1.0000
