    1.1000
    1.4600
    1.2000
   -0.2993
   -1.3800
   -1.2448
   -0.0355
    1.0554
    1.2382
    0.3387
   -0.8574
   -1.0966
   -0.5620
    0.4495
    0.9631
    0.5568
   -0.2908
   -0.8946
   -0.5505
    0.1534
    0.6340
    0.7477
    0.2685
   -0.4625
   -0.9077
   -0.5560
    0.2341
    0.8325
    0.6620
   -0.0021
   -0.6263
   -0.8272
   -0.3598
    0.3381
    0.6967
    0.4305
   -0.1810
   -0.9236
   -0.7739
    0.1167
    0.7314
    0.8566
    0.2223
   -0.5682
   -0.8332
   -0.5446
    0.2542
    0.9439
    0.7613
   -0.0366
   -0.8573
   -0.8894
   -0.1561
    0.7210
    0.9012
    0.3091
   -0.3202
   -0.9650
   -0.4161
    0.3531
    0.9412
    0.4824
   -0.3332
   -0.8787
   -0.5992
   -0.0138
    0.6886
    0.6073
    0.0929
   -0.4488
   -0.5708
   -0.1041
    0.4927
    0.5602
    0.2131
   -0.4224
   -0.7585
   -0.3125
    0.3294
    0.6848
    0.5307
   -0.0432
   -0.5345
   -0.4398
    0.0696
    0.5064
    0.4266
   -0.0476
   -0.3300
   -0.5390
   -0.1957
    0.0696
    0.4642
    0.4546
    0.0584
   -0.3792
   -0.7251
   -0.2832
    0.0967
    0.2674
